    0
  0.5
    1
  1.5
    2
  2.5
    3
  0.5
  2.5
    3
  3.5
    1
  1.5
    2
  2.5
    3
  3.5
    4
  1.5
    2
  2.5
    3
  3.5
    4
  4.5
    2
  2.5
    3
  3.5
    4
  4.5
    5
  2.5
    3
  3.5
    4
  4.5
    5
  5.5
    3
  3.5
    4
  4.5
    5
  5.5
    6
  3.5
    4
  4.5
    5
  5.5
    6
  6.5
    4
  4.5
    5
  5.5
    6
  6.5
    7
  4.5
    5
  5.5
    6
  6.5
    7
  7.5
    5
  5.5
    6
  6.5
    7
  7.5
    8
  5.5
    6
  6.5
    7
  7.5
    8
  8.5
    6
  6.5
    7
  7.5
    8
  8.5
    9
  6.5
    7
  7.5
    8
  8.5
    9
  9.5
    7
  7.5
    8
  8.5
    9
  9.5
   10
  7.5
    8
  8.5
    9
  9.5
   10
 10.5
    8
  8.5
    9
  9.5
   10
 10.5
   11
