
     1.000000       0.000000       0.000000       0.000000       0.000000       0.000000       0.000000       0.000000       0.000000       0.000000       0.000000       0.000000       0.000000       0.000000       0.000000       0.000000       0.000000       0.000000       0.000000       0.000000  
     0.000000       1.000000       0.000000       0.000000       0.000000       0.000000       0.000000       0.000000       0.000000       0.000000       0.000000       0.000000       0.000000       0.000000       0.000000       0.000000       0.000000       0.000000       0.000000       0.000000  
     0.000000       0.000000       1.000000       0.000000       0.000000       0.000000       0.000000       0.000000       0.000000       0.000000       0.000000       0.000000       0.000000       0.000000       0.000000       0.000000       0.000000       0.000000       0.000000       0.000000  
     0.000000       0.000000       0.000000       1.000000       0.000000       0.000000       0.000000       0.000000       0.000000       0.000000       0.000000       0.000000       0.000000       0.000000       0.000000       0.000000       0.000000       0.000000       0.000000       0.000000  
     0.000000       0.000000       0.000000       0.000000       1.000000       0.000000       0.000000       0.000000       0.000000       0.000000       0.000000       0.000000       0.000000       0.000000       0.000000       0.000000       0.000000       0.000000       0.000000       0.000000  
     0.000000       0.000000       0.000000       0.000000       0.000000       1.000000       0.000000       0.000000       0.000000       0.000000       0.000000       0.000000       0.000000       0.000000       0.000000       0.000000       0.000000       0.000000       0.000000       0.000000  
     0.000000       -16.000000       0.000000       0.000000       0.000000       -11.111111       54.222222       -11.111111       0.000000       0.000000       0.000000       -16.000000       0.000000       0.000000       0.000000       0.000000       0.000000       0.000000       0.000000       0.000000  
     0.000000       0.000000       -16.000000       0.000000       0.000000       0.000000       -11.111111       54.222222       -11.111111       0.000000       0.000000       0.000000       -16.000000       0.000000       0.000000       0.000000       0.000000       0.000000       0.000000       0.000000  
     0.000000       0.000000       0.000000       -16.000000       0.000000       0.000000       0.000000       -11.111111       54.222222       -11.111111       0.000000       0.000000       0.000000       -16.000000       0.000000       0.000000       0.000000       0.000000       0.000000       0.000000  
     0.000000       0.000000       0.000000       0.000000       0.000000       0.000000       0.000000       0.000000       0.000000       1.000000       0.000000       0.000000       0.000000       0.000000       0.000000       0.000000       0.000000       0.000000       0.000000       0.000000  
     0.000000       0.000000       0.000000       0.000000       0.000000       0.000000       0.000000       0.000000       0.000000       0.000000       1.000000       0.000000       0.000000       0.000000       0.000000       0.000000       0.000000       0.000000       0.000000       0.000000  
     0.000000       0.000000       0.000000       0.000000       0.000000       0.000000       -16.000000       0.000000       0.000000       0.000000       -11.111111       54.222222       -11.111111       0.000000       0.000000       0.000000       -16.000000       0.000000       0.000000       0.000000  
     0.000000       0.000000       0.000000       0.000000       0.000000       0.000000       0.000000       -16.000000       0.000000       0.000000       0.000000       -11.111111       54.222222       -11.111111       0.000000       0.000000       0.000000       -16.000000       0.000000       0.000000  
     0.000000       0.000000       0.000000       0.000000       0.000000       0.000000       0.000000       0.000000       -16.000000       0.000000       0.000000       0.000000       -11.111111       54.222222       -11.111111       0.000000       0.000000       0.000000       -16.000000       0.000000  
     0.000000       0.000000       0.000000       0.000000       0.000000       0.000000       0.000000       0.000000       0.000000       0.000000       0.000000       0.000000       0.000000       0.000000       1.000000       0.000000       0.000000       0.000000       0.000000       0.000000  
     0.000000       0.000000       0.000000       0.000000       0.000000       0.000000       0.000000       0.000000       0.000000       0.000000       0.000000       0.000000       0.000000       0.000000       0.000000       1.000000       0.000000       0.000000       0.000000       0.000000  
     0.000000       0.000000       0.000000       0.000000       0.000000       0.000000       0.000000       0.000000       0.000000       0.000000       0.000000       0.000000       0.000000       0.000000       0.000000       0.000000       1.000000       0.000000       0.000000       0.000000  
     0.000000       0.000000       0.000000       0.000000       0.000000       0.000000       0.000000       0.000000       0.000000       0.000000       0.000000       0.000000       0.000000       0.000000       0.000000       0.000000       0.000000       1.000000       0.000000       0.000000  
     0.000000       0.000000       0.000000       0.000000       0.000000       0.000000       0.000000       0.000000       0.000000       0.000000       0.000000       0.000000       0.000000       0.000000       0.000000       0.000000       0.000000       0.000000       1.000000       0.000000  
     0.000000       0.000000       0.000000       0.000000       0.000000       0.000000       0.000000       0.000000       0.000000       0.000000       0.000000       0.000000       0.000000       0.000000       0.000000       0.000000       0.000000       0.000000       0.000000       1.000000  