0 0 1 2 21 22 23 42 43 44
1 2 3 4 23 24 25 44 45 46
2 4 5 6 25 26 27 46 47 48
3 6 7 8 27 28 29 48 49 50
4 8 9 10 29 30 31 50 51 52
5 10 11 12 31 32 33 52 53 54
6 12 13 14 33 34 35 54 55 56
7 14 15 16 35 36 37 56 57 58
8 16 17 18 37 38 39 58 59 60
9 18 19 20 39 40 41 60 61 62
10 42 43 44 63 64 65 84 85 86
11 44 45 46 65 66 67 86 87 88
12 46 47 48 67 68 69 88 89 90
13 48 49 50 69 70 71 90 91 92
14 50 51 52 71 72 73 92 93 94
15 52 53 54 73 74 75 94 95 96
16 54 55 56 75 76 77 96 97 98
17 56 57 58 77 78 79 98 99 100
18 58 59 60 79 80 81 100 101 102
19 60 61 62 81 82 83 102 103 104
20 84 85 86 105 106 107 126 127 128
21 86 87 88 107 108 109 128 129 130
22 88 89 90 109 110 111 130 131 132
23 90 91 92 111 112 113 132 133 134
24 92 93 94 113 114 115 134 135 136
25 94 95 96 115 116 117 136 137 138
26 96 97 98 117 118 119 138 139 140
27 98 99 100 119 120 121 140 141 142
28 100 101 102 121 122 123 142 143 144
29 102 103 104 123 124 125 144 145 146
30 126 127 128 147 148 149 168 169 170
31 128 129 130 149 150 151 170 171 172
32 130 131 132 151 152 153 172 173 174
33 132 133 134 153 154 155 174 175 176
34 134 135 136 155 156 157 176 177 178
35 136 137 138 157 158 159 178 179 180
36 138 139 140 159 160 161 180 181 182
37 140 141 142 161 162 163 182 183 184
38 142 143 144 163 164 165 184 185 186
39 144 145 146 165 166 167 186 187 188
40 168 169 170 189 190 191 210 211 212
41 170 171 172 191 192 193 212 213 214
42 172 173 174 193 194 195 214 215 216
43 174 175 176 195 196 197 216 217 218
44 176 177 178 197 198 199 218 219 220
45 178 179 180 199 200 201 220 221 222
46 180 181 182 201 202 203 222 223 224
47 182 183 184 203 204 205 224 225 226
48 184 185 186 205 206 207 226 227 228
49 186 187 188 207 208 209 228 229 230
50 210 211 212 231 232 233 252 253 254
51 212 213 214 233 234 235 254 255 256
52 214 215 216 235 236 237 256 257 258
53 216 217 218 237 238 239 258 259 260
54 218 219 220 239 240 241 260 261 262
55 220 221 222 241 242 243 262 263 264
56 222 223 224 243 244 245 264 265 266
57 224 225 226 245 246 247 266 267 268
58 226 227 228 247 248 249 268 269 270
59 228 229 230 249 250 251 270 271 272
60 252 253 254 273 274 275 294 295 296
61 254 255 256 275 276 277 296 297 298
62 256 257 258 277 278 279 298 299 300
63 258 259 260 279 280 281 300 301 302
64 260 261 262 281 282 283 302 303 304
65 262 263 264 283 284 285 304 305 306
66 264 265 266 285 286 287 306 307 308
67 266 267 268 287 288 289 308 309 310
68 268 269 270 289 290 291 310 311 312
69 270 271 272 291 292 293 312 313 314
70 294 295 296 315 316 317 336 337 338
71 296 297 298 317 318 319 338 339 340
72 298 299 300 319 320 321 340 341 342
73 300 301 302 321 322 323 342 343 344
74 302 303 304 323 324 325 344 345 346
75 304 305 306 325 326 327 346 347 348
76 306 307 308 327 328 329 348 349 350
77 308 309 310 329 330 331 350 351 352
78 310 311 312 331 332 333 352 353 354
79 312 313 314 333 334 335 354 355 356
80 336 337 338 357 358 359 378 379 380
81 338 339 340 359 360 361 380 381 382
82 340 341 342 361 362 363 382 383 384
83 342 343 344 363 364 365 384 385 386
84 344 345 346 365 366 367 386 387 388
85 346 347 348 367 368 369 388 389 390
86 348 349 350 369 370 371 390 391 392
87 350 351 352 371 372 373 392 393 394
88 352 353 354 373 374 375 394 395 396
89 354 355 356 375 376 377 396 397 398
90 378 379 380 399 400 401 420 421 422
91 380 381 382 401 402 403 422 423 424
92 382 383 384 403 404 405 424 425 426
93 384 385 386 405 406 407 426 427 428
94 386 387 388 407 408 409 428 429 430
95 388 389 390 409 410 411 430 431 432
96 390 391 392 411 412 413 432 433 434
97 392 393 394 413 414 415 434 435 436
98 394 395 396 415 416 417 436 437 438
99 396 397 398 417 418 419 438 439 440
