0 0 0
1 0.05 0
2 0.1 0
3 0.15 0
4 0.2 0
5 0.25 0
6 0.3 0
7 0.35 0
8 0.4 0
9 0.45 0
10 0.5 0
11 0.55 0
12 0.6 0
13 0.65 0
14 0.7 0
15 0.75 0
16 0.8 0
17 0.85 0
18 0.9 0
19 0.95 0
20 1 0
21 0 0.05
22 0.05 0.05
23 0.1 0.05
24 0.15 0.05
25 0.2 0.05
26 0.25 0.05
27 0.3 0.05
28 0.35 0.05
29 0.4 0.05
30 0.45 0.05
31 0.5 0.05
32 0.55 0.05
33 0.6 0.05
34 0.65 0.05
35 0.7 0.05
36 0.75 0.05
37 0.8 0.05
38 0.85 0.05
39 0.9 0.05
40 0.95 0.05
41 1 0.05
42 0 0.1
43 0.05 0.1
44 0.1 0.1
45 0.15 0.1
46 0.2 0.1
47 0.25 0.1
48 0.3 0.1
49 0.35 0.1
50 0.4 0.1
51 0.45 0.1
52 0.5 0.1
53 0.55 0.1
54 0.6 0.1
55 0.65 0.1
56 0.7 0.1
57 0.75 0.1
58 0.8 0.1
59 0.85 0.1
60 0.9 0.1
61 0.95 0.1
62 1 0.1
63 0 0.15
64 0.05 0.15
65 0.1 0.15
66 0.15 0.15
67 0.2 0.15
68 0.25 0.15
69 0.3 0.15
70 0.35 0.15
71 0.4 0.15
72 0.45 0.15
73 0.5 0.15
74 0.55 0.15
75 0.6 0.15
76 0.65 0.15
77 0.7 0.15
78 0.75 0.15
79 0.8 0.15
80 0.85 0.15
81 0.9 0.15
82 0.95 0.15
83 1 0.15
84 0 0.2
85 0.05 0.2
86 0.1 0.2
87 0.15 0.2
88 0.2 0.2
89 0.25 0.2
90 0.3 0.2
91 0.35 0.2
92 0.4 0.2
93 0.45 0.2
94 0.5 0.2
95 0.55 0.2
96 0.6 0.2
97 0.65 0.2
98 0.7 0.2
99 0.75 0.2
100 0.8 0.2
101 0.85 0.2
102 0.9 0.2
103 0.95 0.2
104 1 0.2
105 0 0.25
106 0.05 0.25
107 0.1 0.25
108 0.15 0.25
109 0.2 0.25
110 0.25 0.25
111 0.3 0.25
112 0.35 0.25
113 0.4 0.25
114 0.45 0.25
115 0.5 0.25
116 0.55 0.25
117 0.6 0.25
118 0.65 0.25
119 0.7 0.25
120 0.75 0.25
121 0.8 0.25
122 0.85 0.25
123 0.9 0.25
124 0.95 0.25
125 1 0.25
126 0 0.3
127 0.05 0.3
128 0.1 0.3
129 0.15 0.3
130 0.2 0.3
131 0.25 0.3
132 0.3 0.3
133 0.35 0.3
134 0.4 0.3
135 0.45 0.3
136 0.5 0.3
137 0.55 0.3
138 0.6 0.3
139 0.65 0.3
140 0.7 0.3
141 0.75 0.3
142 0.8 0.3
143 0.85 0.3
144 0.9 0.3
145 0.95 0.3
146 1 0.3
147 0 0.35
148 0.05 0.35
149 0.1 0.35
150 0.15 0.35
151 0.2 0.35
152 0.25 0.35
153 0.3 0.35
154 0.35 0.35
155 0.4 0.35
156 0.45 0.35
157 0.5 0.35
158 0.55 0.35
159 0.6 0.35
160 0.65 0.35
161 0.7 0.35
162 0.75 0.35
163 0.8 0.35
164 0.85 0.35
165 0.9 0.35
166 0.95 0.35
167 1 0.35
168 0 0.4
169 0.05 0.4
170 0.1 0.4
171 0.15 0.4
172 0.2 0.4
173 0.25 0.4
174 0.3 0.4
175 0.35 0.4
176 0.4 0.4
177 0.45 0.4
178 0.5 0.4
179 0.55 0.4
180 0.6 0.4
181 0.65 0.4
182 0.7 0.4
183 0.75 0.4
184 0.8 0.4
185 0.85 0.4
186 0.9 0.4
187 0.95 0.4
188 1 0.4
189 0 0.45
190 0.05 0.45
191 0.1 0.45
192 0.15 0.45
193 0.2 0.45
194 0.25 0.45
195 0.3 0.45
196 0.35 0.45
197 0.4 0.45
198 0.45 0.45
199 0.5 0.45
200 0.55 0.45
201 0.6 0.45
202 0.65 0.45
203 0.7 0.45
204 0.75 0.45
205 0.8 0.45
206 0.85 0.45
207 0.9 0.45
208 0.95 0.45
209 1 0.45
210 0 0.5
211 0.05 0.5
212 0.1 0.5
213 0.15 0.5
214 0.2 0.5
215 0.25 0.5
216 0.3 0.5
217 0.35 0.5
218 0.4 0.5
219 0.45 0.5
220 0.5 0.5
221 0.55 0.5
222 0.6 0.5
223 0.65 0.5
224 0.7 0.5
225 0.75 0.5
226 0.8 0.5
227 0.85 0.5
228 0.9 0.5
229 0.95 0.5
230 1 0.5
231 0 0.55
232 0.05 0.55
233 0.1 0.55
234 0.15 0.55
235 0.2 0.55
236 0.25 0.55
237 0.3 0.55
238 0.35 0.55
239 0.4 0.55
240 0.45 0.55
241 0.5 0.55
242 0.55 0.55
243 0.6 0.55
244 0.65 0.55
245 0.7 0.55
246 0.75 0.55
247 0.8 0.55
248 0.85 0.55
249 0.9 0.55
250 0.95 0.55
251 1 0.55
252 0 0.6
253 0.05 0.6
254 0.1 0.6
255 0.15 0.6
256 0.2 0.6
257 0.25 0.6
258 0.3 0.6
259 0.35 0.6
260 0.4 0.6
261 0.45 0.6
262 0.5 0.6
263 0.55 0.6
264 0.6 0.6
265 0.65 0.6
266 0.7 0.6
267 0.75 0.6
268 0.8 0.6
269 0.85 0.6
270 0.9 0.6
271 0.95 0.6
272 1 0.6
273 0 0.65
274 0.05 0.65
275 0.1 0.65
276 0.15 0.65
277 0.2 0.65
278 0.25 0.65
279 0.3 0.65
280 0.35 0.65
281 0.4 0.65
282 0.45 0.65
283 0.5 0.65
284 0.55 0.65
285 0.6 0.65
286 0.65 0.65
287 0.7 0.65
288 0.75 0.65
289 0.8 0.65
290 0.85 0.65
291 0.9 0.65
292 0.95 0.65
293 1 0.65
294 0 0.7
295 0.05 0.7
296 0.1 0.7
297 0.15 0.7
298 0.2 0.7
299 0.25 0.7
300 0.3 0.7
301 0.35 0.7
302 0.4 0.7
303 0.45 0.7
304 0.5 0.7
305 0.55 0.7
306 0.6 0.7
307 0.65 0.7
308 0.7 0.7
309 0.75 0.7
310 0.8 0.7
311 0.85 0.7
312 0.9 0.7
313 0.95 0.7
314 1 0.7
315 0 0.75
316 0.05 0.75
317 0.1 0.75
318 0.15 0.75
319 0.2 0.75
320 0.25 0.75
321 0.3 0.75
322 0.35 0.75
323 0.4 0.75
324 0.45 0.75
325 0.5 0.75
326 0.55 0.75
327 0.6 0.75
328 0.65 0.75
329 0.7 0.75
330 0.75 0.75
331 0.8 0.75
332 0.85 0.75
333 0.9 0.75
334 0.95 0.75
335 1 0.75
336 0 0.8
337 0.05 0.8
338 0.1 0.8
339 0.15 0.8
340 0.2 0.8
341 0.25 0.8
342 0.3 0.8
343 0.35 0.8
344 0.4 0.8
345 0.45 0.8
346 0.5 0.8
347 0.55 0.8
348 0.6 0.8
349 0.65 0.8
350 0.7 0.8
351 0.75 0.8
352 0.8 0.8
353 0.85 0.8
354 0.9 0.8
355 0.95 0.8
356 1 0.8
357 0 0.85
358 0.05 0.85
359 0.1 0.85
360 0.15 0.85
361 0.2 0.85
362 0.25 0.85
363 0.3 0.85
364 0.35 0.85
365 0.4 0.85
366 0.45 0.85
367 0.5 0.85
368 0.55 0.85
369 0.6 0.85
370 0.65 0.85
371 0.7 0.85
372 0.75 0.85
373 0.8 0.85
374 0.85 0.85
375 0.9 0.85
376 0.95 0.85
377 1 0.85
378 0 0.9
379 0.05 0.9
380 0.1 0.9
381 0.15 0.9
382 0.2 0.9
383 0.25 0.9
384 0.3 0.9
385 0.35 0.9
386 0.4 0.9
387 0.45 0.9
388 0.5 0.9
389 0.55 0.9
390 0.6 0.9
391 0.65 0.9
392 0.7 0.9
393 0.75 0.9
394 0.8 0.9
395 0.85 0.9
396 0.9 0.9
397 0.95 0.9
398 1 0.9
399 0 0.95
400 0.05 0.95
401 0.1 0.95
402 0.15 0.95
403 0.2 0.95
404 0.25 0.95
405 0.3 0.95
406 0.35 0.95
407 0.4 0.95
408 0.45 0.95
409 0.5 0.95
410 0.55 0.95
411 0.6 0.95
412 0.65 0.95
413 0.7 0.95
414 0.75 0.95
415 0.8 0.95
416 0.85 0.95
417 0.9 0.95
418 0.95 0.95
419 1 0.95
420 0 1
421 0.05 1
422 0.1 1
423 0.15 1
424 0.2 1
425 0.25 1
426 0.3 1
427 0.35 1
428 0.4 1
429 0.45 1
430 0.5 1
431 0.55 1
432 0.6 1
433 0.65 1
434 0.7 1
435 0.75 1
436 0.8 1
437 0.85 1
438 0.9 1
439 0.95 1
440 1 1
